6
11 14
3 1
1 5
5 7
7 8
7 9
9 8
9 10
9 11
1 4
4 5
4 7
2 5
5 6
6 8
7 7
1 3
3 4
3 5
4 6
2 3
5 6
6 7
10 9
1 10
2 10
3 10
4 10
5 10
6 10
7 10
8 10
9 10
17 22
1 3
2 3
3 4
4 5
4 6
5 7
6 7
7 8
7 9
7 10
8 11
9 11
10 11
11 12
12 13
12 14
12 15
13 16
14 16
15 16
16 17
1 17
92 121
1 2
1 3
2 4
3 4
4 5
4 6
5 7
6 7
7 8
7 9
8 10
9 10
10 11
10 12
11 13
12 13
13 14
13 15
14 16
15 16
16 17
16 18
17 19
18 19
19 20
19 21
20 22
21 22
22 23
22 24
23 25
24 25
25 26
25 27
26 28
27 28
28 29
28 30
29 31
30 31
31 32
31 33
32 34
33 34
34 35
34 36
35 37
36 37
37 38
37 39
38 40
39 40
40 41
40 42
41 43
42 43
43 44
43 45
44 46
45 46
46 47
46 48
47 49
48 49
49 50
49 51
50 52
51 52
52 53
52 54
53 55
54 55
55 56
55 57
56 58
57 58
58 59
58 60
59 61
60 61
61 62
61 63
62 64
63 64
64 65
64 66
65 67
66 67
67 68
67 69
68 70
69 70
70 71
70 72
71 73
72 73
73 74
73 75
74 76
75 76
76 77
76 78
77 79
78 79
79 80
79 81
80 82
81 82
82 83
82 84
83 85
84 85
85 86
85 87
86 88
87 88
88 89
88 90
89 91
90 91
91 92
20 101
11 19
11 13
9 19
1 4
5 15
1 12
3 6
10 20
4 6
8 13
8 9
5 7
19 20
2 11
8 9
4 20
11 17
8 14
17 18
5 10
10 20
2 4
12 20
13 19
8 18
4 15
3 4
13 17
5 6
4 5
14 19
5 16
4 9
5 13
11 14
9 14
1 5
1 17
7 16
13 16
12 14
3 13
14 15
15 20
2 7
6 14
13 19
1 8
13 18
2 19
12 14
3 18
13 19
14 17
2 14
4 19
3 14
6 10
4 6
14 17
2 3
2 20
11 13
4 16
1 9
9 19
3 10
1 7
10 14
12 17
6 8
1 12
8 10
16 17
13 16
2 9
1 9
14 20
3 10
2 6
2 5
13 15
2 14
9 19
4 8
2 14
2 14
2 11
2 20
6 18
5 14
1 4
5 15
7 19
9 17
1 9
3 13
4 5
12 16
11 20
18 20
