1
100 120
6 4 87 112
0000000001100000000000000000000000000000001111000000000000000000000000000000000000000000000000000000
0000000000000000000000000011111111111111101111000001111111110001111010100101111011001110111111101100
0110101101101111110011101011111111111111100000000001111111110001111010100101111011001110111100000000
0110101101101111110011100011111111111111101000000000000000000001111010100101111011001110111101101100
0110101100000000000001101111111111111111101000000000000000000000111010000000000000000000000000000000
0110101111101111110001101111111111111000000000000011111111100000111010100101111111001110111101100000
0110101111101111110000000000000000000001111111000011111111100000111000100101111111001110111101101100
0110101111101111110011101111111111100000000000000011111111000000000000000000000111001110111100001100
0110101111101111110011101111111111100101111100100011111000000000111100100101110111000000111101101100
0110101111101111110011101111111111100101111100100000000000000000000000000101110111101111111101101100
0110100000001111110011101111111111100101111100101011111011100000111100101101000111101111111101101100
0110100000000000000011101111111111100101111100101011111011100000111100101101011111101111111101101100
0110101111111111111011101111111110000101111100100001111011100000111100101101011111101111111101101100
0110101111111111111011101111111110110101111100111001111011100000110000000000011111101111111100000000
0110101111111111111011101111111110110101111000000000000000000000000000001101011111101111111101101100
0110101111111111111011101111111110000001111000111001111111100000000100001101011111101111111100000000
0000000000000000000000000001111111110111111000111001111111100000100100001101011111101111111111101100
0110101111110111111000000000000000000000001000000000000000000011100100001101011111101111111111101100
0110101111110111111111101101111111110000000000000001111111110000000000001101000000000000000000000000
0110101111110111111111101101111111110011101010111100000000000111100000000000011111101011111111100000
0110100011110111111111001101111111110011101010111111111111110111110100011111011111101011111111110000
0110111000000000000000001101111111110011101010111111111111110111110100011111011111101000000000000000
0110111111100111011111000001111111110011101010111111111111110111110100011111011111101111111111111100
0110111111100111011111001001111111110011101010111111111111110111110100011111011111101111111111111100
0110100000000000000000000001111111110011101010111111111111110000000000000000011111101111111111111100
0000000000000000000111001101111111100000000010111111111111110000000000011111111111101111111111111100
0110101111100000000000001101111111100011101110111111111111110111110100011111111111101111111111111100
0110101111101111010111011101111111100011101110111111111111110111110100011111111111101111111111111100
0000000000001111010111011101111111111011101110111111111111110111110100011111111111101111111111111100
0000000000000000000111011101111111111011101110001111111111110111110100011111111111101111111111111100
0010101111111111011111011101111111111011101110101111111111110000000100011111111111101111111111111100
0010101111111111011111011101111111111011101110101111111111111111111100011111111111101111111111111100
0010101111111111011111011101111111111011101110101111111111111111111100000001111111101111111111111100
0010101111111111011111011101111111111011101110101111111111111111111101111101111111101111111111111110
0000001111111111011111011101111111111000000000000000000000111111111101111101111111101111111111111110
0000000111111111011111011101111111111111111010101111111110111111111101111101111111101111111111111110
0010110000000000000000000001111111111111111000101111111110111111111101111101111111101111111111111110
0010110111111111011111000000000011111110000110101111111110111111111101111101111111101111111111111110
0000000111111111011111111101111011111110110110101111111110111111111101111100000011101111111111111110
0010110111111111011111111101111011111110110110101111111110111111111101111111111000001111111111111110
0010000000000001011111111101111011111110100000101111111110111111111101111111111111111111111111111110
0000000000000101011111111101111011111100000000101111111110111111111101111111111111111111111111111110
0000000011110101000000000000000000000000000000000001111110111111111101111111111111111111111111111111
0011000011110101111111111101111011111100100000000000000000000000000001111111111111111111111111111111
0011000011110101111111111101111000000000001110101101111110111111111111111111111111111111111111111111
0000000011110000000000000000000011111100001110101101111110111111111111111111111111111111111111111111
0000000000000000000000000000001011000000001110101101111110111111111111111111111111111111111111111111
0000000000000101111111111101101011011100000000000000000000000001111111111111111111110011111111111111
0011111011110101111111000000000000000100100000101101111110111101111111111111111111110011111111111111
0011111011110101111111011101101011010100111110101101111110111101111111111111111111110011111111111111
0000000001110101111111011101101011010100111110101000000000000000000000111111111111110011111111111111
0000000000000000011111011101000000000000111110101001111011111101111110111111111111110011111111111111
0010000011110101011111011101001011010010111110000000000011111000000000011111111111110011111111111111
0011111011110101011111011101001010000010111110100001110011111001111110000000000000000011111111111111
0001111011110101011111011101001010111110111110111101110011111001111110111111111111100011111111111111
0001111000000101011100000000000000000010111110111101110011111001111110111111111111100011111111111111
0000000000000000000000011001001010111010111110111101110011111001111110111111111111100011111111111111
0001111111111100000000000001001010111010000000000000110011111000000000000000000000000000000000011111
0001111111111111011100000000000000000000011110111100110011111011111110101111111111110011111111011111
0001111111111111011111111000000000000000000000000000000011111011111110101111111111110011111111011111
0111111111111111011110000000000010111010111111111100000000000000000000101111111111110011111111011111
0111111111111111011110111001000000111010111111111100000000000000000000001111111111000011111111011111
0111111110000000000000000001001100111010111111111100111011111011111111111111111111011011111111011111
0111111110111111011110111001001100000000000111111100111011111011111111111111111111011011111111011111
0000000000000000000000000001001101111010110111111100111011111011111111111111111111011011111111011111
0110000000000000000000000000001101111010110111111100111011111011111111111111111111011011111111011111
0110000000000000000000111101011101111010000000000000111011111011111111111111111111011011111111011111
0111111110111111011110111101011101111010010111111101111011111011111111111111111111011000111111011111
0111111110110000000000000000000000000000000001100001111011111011111111111111111111011110111111011111
0111111110000000001110101100000001111001110101101111111011111011111111111111111111011110111111011111
0111111110110111101110101101011001111001110100001111111011111011111111111111111111011110111111011111
0111111110110000000000000001011001111001110111111111111011111011111111111111111111011110111111000111
0111111110110011000000000000000000000000000000000011111011111011111111111111111111011110111111110111
0110000000000000001110000000000000000000000000011011111011111011111111111111111111011110111111110111
0110111110110110011110101101011001111001110111011011111011111011111111111111111111011110111111110111
0110111110110110011110101100000000011000000000011011111011111011111111111111111111011110111111110111
0110111110000000000000000000011001011001110110011011111011111011111111111111111111011110000000000000
0000000000000010011110101100011001011001110110011011111011111011111111111111111111011111111111110110
0010111111110010011110101100011001011001100000000000000000000000000000000000000000000000011111110110
0000000000000000000000000000000000000001100110011010111001111000111101111100000000000000011111110110
0010111111110000011100001100000000011101100110000000011001111110111101111101111111011111111111110110
0010111111110111011101111100111101111101100111000000000001111110111101111101111111011111111111110110
0000000000000001011101111100111101111101100111001001011101111110111101111101111111011111111111110110
0000000001110101011101111100111101111100000111001111011101111110111101111101111111011111111111110110
0010000000000001011101111100111101111111110111001111011101111110111101111101111111011111111111110110
0000011000000000000000000000000000000000000000000000000000000000111101111101111111011111111111110110
0000011001010111011101111100111101111111110111001111011101111110111101111101111111011111111111110000
0000011001010111011101111100111101111111110111001111011101111110111100011101111111011111111111111111
0000000000000000000001111100111101111111110111001111011101111110111111011101111111011111111111111111
0000011001110111011111111100111101111111110111001111011101111110111111011101111111011111111111111111
0000111001110111011111111100111101111111110000000000000000000000000000000001111111011111111111111111
0000111001110111011111111100111101111111111111011111111101111110111111011111111111011111111111111111
0000000000000000011111111100111101111111111111011111111101111110111111011111111111011111111111111111
0001111101111011111111111100111101111111111111011111111101111110111111011111111111011111111111111111
0000000000000011111111111111111101111111111111011111111101111110111111000000000000011111111111111111
0101111101111100000000111111111101111111111111011111111000000000111111111111111110011111111111111111
0101111101111101111110111111111101111111111111011111111000001111111111111111111110011111111111111111
0101111101111101111110111111111101111111111111011111111011101111111111111111111110000000001111111111
0101111101110000001110111111111101111111111111011111111011101111100000000000000000110000001111111111
0000000000000000000010111111111101111111111111011111111011101111101111111111111111110111111111111111
0101111111111101101010111111111101111111111111011111111011101111101111111111111111110111111111111111
0101111111111101101010111111111101111111111111011111111011101111101111111000000000000000000000000000
0000000111111101101010111111111101111111111111011111111011101111101111111011111111111101111111111110
0101110111111101100010111111111101111111111111011111111011100000001111111011111111111101111111111110
0101110111111101111000111111111101111111111111011111111011111111111111111011111111111101111111111110
0100000000000000000000111111111101111111111111010000111011111111111111111011111111111101111111111110
0100110111111101111010111111111100000000111111000000000011111111111111111011111111111101000000000000
0100110111111101111010111111111100111110111111110110111111111111111111111011111111111101011111110110
0100110111111101111010111111111100111110111111110110111111111111111111111011111111111101011111110110
0100110111111101111010111111111100111110111111110110111111111111111111111011111111111101011111110110
0100110111111101111010111111111100111110111111110110111111111111111111111011111111111101011111110110
0100110111111101111010111111111100111110111111110110111111111111111111111011111111111101011111110110
0000000111110000000010111111111100111110100000010110000000000111111111111011111111111101011111110110
0000000000000000111010000000000000000000000000000000000111110111111111111011111111111101011111110110
0111111111110100000000000011111100111110101111000000000000000000000000000011111111111101011111110110
0111111111110100011010111000000000000110101111110111110111110111111111111111111111111101011111110110
0111111111110100011010111111111100110110101111110111110111110111111111111111111111111101011111110110
0111111111110100011010000001111100110110001111110111110000110111111111111111111111111101011111110110
0111111111110100011010011101111100010111111111110111111110110111111111111111111111111101011111110110
0000000000000000000000000000000000000000000000000000011110000000000000000111111111111100000000000000
4
7 7
1 2 7 5
1111111
0000011
1011001
1011100
1011110
1000000
1111111
7 7
1 2 7 6
1111111
0000001
1011000
1011100
1011110
1000000
1111111
50 60
4 4 38 22
00000000000000000000000000011111111111000000000000
00000000001011111011111111011111111111011001001000
01101111111011111011111111011111111111011001001110
01101111111011111011111111011111111000001001001100
01101111111011111011111111000000000000000000000000
00000000000000000000000000000000000011001100001100
01101111111111111011111111011111110000000000001100
01101111111111111011111111011111110011001110001100
01101111111111111011111111011111110011001110001100
00000000000000000000111111011111111011111110001110
01101111111111111010111111011111111011111110001110
00001111111111111010111111011110000000000000000000
00000000000000000000000000011110111011111110100010
00000111111111111010111111111110111000000000000000
01100111111111111010111111111110111111111110110110
01100111111111111010111111111110110000000000000110
01100000000000000000111111111110110111111110100110
01100011111100000000000000000000000111111110000110
01100000000000000011111111111110111111111111100110
01101011111100011111111111111110111111111111100110
00101011111100011111111111111110111110000000000110
00101011111100011111111111111110111110111111110110
00101011111100011111111111111110111110111100000010
00100000000000011111111111111110111110111101110010
00100011111101011111111111111110111110111101110000
00000000000000011111111111111110000000000000000000
00000011100001011111111111111111111110110000000000
01000000101111011111111111111111111110110101111000
01000010101111011111111111111111111110110101111000
00000000000001011111111111111111111110110101111000
01000000001101011111111111111111100000110000001010
01001010111101011111111111111111101111110001101000
01001000000000000000000000000000000000000000000000
01001000111101011111111111111111101111110101101010
01000000000000000000111111111111101111110101101010
01101000111100000000111111111111101111110101101010
01000000000000011110111111111111101111110101101010
01001000111110011110111111111111101111110101101010
00000000000000000000000000111111100000000101101000
01001011111110011110111110111111111110000000000010
01001000000000000000111110111000000000010101101110
00000001111110011100111110111011111110010100000000
00000000000000000000111110000000000000000000101111
00000011111110011100111100111011111110010110101111
01000011111110011100000000001011111110010110101111
00000011111110001100011100101011111110010110000111
01000000000000000000000000101001111110010110000001
00001011111110101100000000101101111110010110000101
11101010000000000000011100101101111110010110000101
00000010111110101100111100101101111110010110000101
01101010111110100000000000000001111110010110000000
01101010111110111100110000001101100000000000000000
01101000000000111100000100111101000110010110000100
00000000111110111100100100111101000110010110000100
01101000111110111100100000000000000000000000000000
00001000111110111100100101110101000110010110000100
00000000000000111100100000000000000000000000000100
00001101111110000000000101110101000000000110001100
00000000000000000000000000000000000000000000000000
00000000000000000000000000000000000000000000000000

